>CTTTGTTATGCAAAT	Pou5f1.Sox2_P20263.P48432_ChIPseq	6.93	-10
0.047	0.619	0.049	0.285
0.423	0.043	0.021	0.512
0.009	0.037	0.027	0.927
0.035	0.009	0.058	0.897
0.087	0.265	0.602	0.047
0.303	0.014	0.022	0.661
0.151	0.267	0.136	0.446
0.900	0.023	0.018	0.059
0.013	0.004	0.012	0.971
0.008	0.012	0.903	0.076
0.011	0.751	0.095	0.144
0.768	0.012	0.023	0.197
0.650	0.051	0.231	0.068
0.880	0.025	0.056	0.040
0.146	0.088	0.152	0.614